3
4   1 0 0 0
4   0 0 0 0
4   0 0 2 -1
3
4   1 0 0 0
4   0 0 0 0
4   0 0 0 2
2
2  0 1
2  2 0





1
10000
10000
4
4 3 6 7
3
1 2 4 4
2


3 2 1 0 4

5
 hello  i  am  leetcode  hello
 hello 1
3 
 i eat leetcode
 eat 2
 3
 a b leetcode
 leetcode 0


 2 3 0 2
3
1 2 3



5
0 1 
0 2 
2 3 
2 4 
2 5


10 6
1 2 
3 4 
5 6 
6 7 
8 9
7 8

5 4
1 2
2 4
4 5
1 5

5 5
1 2
2 3
3 4
4 5
1 5

3 3
1 2
1 3
2 4

 4 13 5 / + -1
 2 1 + 3 * -1 


5 4 8 11 -1 13 4 7 2 
-1 -1 -1 
1 
-1 -1 -1 -1 -1 -1 -1 


3
-80 -13 22
83   94 -5
 73 -48 61
4
100 -42 -46 -41
31   97  10 -10
-58 -51  82  89
51   81  69 -51
3
2 1 3
6 5 4
7 8 9




-10 -19 -20 -1 -1 -15 -7 -1 -1 -1 -1
-5 -1 -1


1 2 4 -1 3 5 -1 -1 -1 -1 -1




1 2 3 4 5 6 -1 -1 -1 -1 -1 -1 -1 -1 -1 -1 -1 -1 -1 -1 





8 -3 10 1 6 -1  14 -1 -1 4 -7 13
1 -1 2 -1 0 3 -1 -1 -1










-1 -1 -1 -1 -1 