0 1 0  -1
2
2 1 0 -1
3 0
1 2 3 4 5 6 7 8 9 10  -1
5




010010101000111101001011001011011110101010111100
010010101000111101001011001011011110101010111100

0110010001010001001011110010110010010000110000001100001110110100
0110010001010001001011110010110010010000110000001100001110110100


000001010010011110010000000010011110100110010010000111000000000
000001010010011110010000000010011110100110010010000111000000000


00100101100110011110100111001110100000101101100000111011001001000101110000000000
00100101100110011110100111001110100000101101100000111011001001000101110000000000

2
0011111001111111000101111
000101100000001100
100101110001011010
000010001000110110100101

01001010100011100100
0011111100011011110001101
000101101011101010
100101111000001111
000010001010100100010011

516




01


1010
11



4
2 hello leetcode
hlabcdefgijkmnopqrstuvwxyz

3 world word row worldabcefghijkmnpqstuvxyz

2 apple app
abcdefghijklmnopqrstuvwxyz

2 apple apples
abcdefghijklmnopqrstuvwxyz

ABABAB
ABAB
3
0 1 100
1 2 100
0 2 500
0 2 0






-1 -1 -1 -1 -1 -1
-1 -1 -1 -1 -1 -1
-1 -1 -1 -1 -1 -1
-1 35 -1 -1 13 -1
-1 -1 -1 -1 -1 -1
-1 15 -1 -1 -1 -1

Input: n = 3  flights = 0 1 100 1 2 100 0 2 500  src = 0  dst = 2  k = 0
Output: 500


3 2
1 3  2 3   

1 2 3 4 5 6 7 8 9 10 11 12 13 14 15

3
-1 2 9
2
6
4 5 0 -2 -3 1
5


5
8
0 5 8 -9 9 -7 3 -2

6
2 -2 2 7 8 0

6
5 -3 5 -2 -2 5

4
1 -2 3 -2

3
-3 -2 -3


6 9
2 5



5
abcdbaca abcdcbdc  buqwjeksd
 
aabbaa bbaabb buwqwrwerwerw 

parker morris parser
hello world hold
leetcode programs sourcecode

6
30
-1 0 0 0 0 0 0 0 0 0 0 0 0 0 0 0 0 0 0 0 0 0 0 0 0 0 0 0 0 0 
ddddddddddddddddddddddddddddddddddd

3
-1 0 1
aab


6
-1 0 0 1 1 2
abacbe
4
-1 0 0 0
aabc

8
-1 0 0 1 1 1 2 2
abacbeed
10
-1 0 0 1 1 1 2 2 7 6
abbebccdbc


 0 1 2 3 4 5 6 7 8 9

6 5
0 1  1 2  2 3  3 4  1 5   
abbacc


6 5


4 3
0 1  1 2  0 3
5 4
0 1  0 2  1 3   0 4
7 6
0 1   0 2
1 4   1 5
2 3   2 6 




7 6
0 1  1 2  2 3  3 4  4 5  5 6  
2 2 1 1 1 1


6 5 4 1 3 2 1

7  6
0 1   0 2 
1 4   1 5
2 3   2 6 

3 7   3 8

3
4 3
0 2   0 3  1 2
0 1 0 0 

0      0     0    0    1      0     1    0   1
 
4 3
0 1    1 2   0 3
1    1      1   1
true true true true 



3
1 1  2 2   3 3

 6
 1 1   3 2    5 3   4 1   2 3   1 4


5
12
1 2 3 4 3 2 4 1 5 3 2 4
1 1 1 3 2 4 3 6 7 4 3 1
3
2 3 4


1 1 3 2 5 3 4 1 2 3 1 4




6
27 23 33 26 46 86 70 85 89 82 57 66 42 18 18 5 46 56 42 82 52 78 4 27 96 74 74 52 2 24 78 18 42 10 12 10 80 30 60 38 32 7 98 26 18 62 50 42 15 14 32 86 93 98 47 46 58 42 74 69 51 53 58 40 66 46 65 2 10 82 94 26 6 78 2 101 97 16 12 18 71 5 46 22 58 12 18 62 61 51 2 18 34 12 36 58 20 12 17 70 -1
241
5
1 3 2 4 1
7



241

10 6 8 7 7 8 


4
1 2 3 4 5 6 7 8
1 2 2 3 3 4 4 5 
10 16
2 8
1 6 
7 12
5 13
3 8
2 8
3 9

3
cba
daf
ghi

abc
bce
cae
zyx
wvu
tsr


5
USA
leetcode
Google
gooGle
USa

4   1 0 0 0
4   0 0 0 0
4   0 0 2 -1
3
4   1 0 0 0
4   0 0 0 0
4   0 0 0 2
2
2  0 1
2  2 0





1
10000
10000
4
4 3 6 7
3
1 2 4 4
2


3 2 1 0 4

5
 hello  i  am  leetcode  hello
 hello 1
3 
 i eat leetcode
 eat 2
 3
 a b leetcode
 leetcode 0


 2 3 0 2
3
1 2 3



5
0 1 
0 2 
2 3 
2 4 
2 5


10 6
1 2 
3 4 
5 6 
6 7 
8 9
7 8

5 4
1 2
2 4
4 5
1 5

5 5
1 2
2 3
3 4
4 5
1 5

3 3
1 2
1 3
2 4

 4 13 5 / + -1
 2 1 + 3 * -1 


5 4 8 11 -1 13 4 7 2 
-1 -1 -1 
1 
-1 -1 -1 -1 -1 -1 -1 


3
-80 -13 22
83   94 -5
 73 -48 61
4
100 -42 -46 -41
31   97  10 -10
-58 -51  82  89
51   81  69 -51
3
2 1 3
6 5 4
7 8 9




-10 -19 -20 -1 -1 -15 -7 -1 -1 -1 -1
-5 -1 -1


1 2 4 -1 3 5 -1 -1 -1 -1 -1




1 2 3 4 5 6 -1 -1 -1 -1 -1 -1 -1 -1 -1 -1 -1 -1 -1 -1 





8 -3 10 1 6 -1  14 -1 -1 4 -7 13
1 -1 2 -1 0 3 -1 -1 -1










-1 -1 -1 -1 -1 